time,x,y,z,phi,theta,psi,x_velocity,y_velocity,z_velocity,phi_velocity,theta_velocity,psi_velocity,rotor_speed1,rotor_speed2,rotor_speed3,rotor_speed4
0.06,-2.62137792153e-07,3.31623346711e-08,10.0022109122,6.28277714009,6.28268206137,0.0,5.40863484821e-06,-1.33594025337e-05,0.0736945145651,-0.0260740224459,-0.0359049126025,0.0,430.5604499414292,427.512568189412,429.01358690901816,426.7944213333294
0.12000000000000001,2.13864309159e-05,-1.79028563099e-05,10.0134252309,6.28089247114,6.28103273962,0.0,0.000941174272134,-0.00078905341581,0.300082954852,-0.0450993128518,-0.01448277439,0.0,474.55816605902714,476.1991718514673,476.011377915529,474.5531472092628
0.18,0.000137098188485,-0.000135898471024,10.0395079997,6.27759340195,6.27966980461,0.0,0.00304465179459,-0.00349513139629,0.569245919592,-0.0985180940832,-0.0492526279839,0.0,489.3272822861755,486.732312814905,489.4856949219343,485.4920284443497
0.23999999999999996,0.000401820329377,-0.000480663558514,10.0761898047,6.27146374226,6.27636356894,0.0,0.00608748153424,-0.00859552166894,0.653430082694,-0.110670867797,-0.0705972787551,0.0,432.60942557147007,430.80635939861617,433.23288600955357,432.2005368074369
0.3,0.000954382121616,-0.00131464761398,10.1223481346,6.26518920435,6.27189855562,0.0,0.0128569966633,-0.0199837849185,0.88501499489,-0.0945577975481,-0.0834218019104,0.0,477.9080324688814,476.92568112907406,476.6288976790956,477.8497231911003
0.36000000000000004,0.00197205445499,-0.00289766513478,10.177947689,6.25915762579,6.26652006876,0.0,0.0215769417322,-0.0333605068139,0.968217782551,-0.116442607943,-0.106512978097,0.0,433.6792017309202,431.7282740339359,433.038747934816,431.18474752244924
0.4200000000000001,0.00358009235228,-0.00534344634873,10.2359308549,6.2516501717,6.25990155414,0.0,0.0325870367269,-0.0487828233319,0.964530020219,-0.154582471621,-0.119242455033,0.0,404.73341127750075,403.5740130740432,405.05535858185596,401.5938521796627
0.48000000000000015,0.00609116374103,-0.00902106049461,10.2987428095,6.24178211724,6.25324351855,0.0,0.0518782829779,-0.074840100038,1.1289963917,-0.207691207781,-0.0981404224248,0.0,457.17018041995067,458.8374928791181,460.23952667165037,455.98936229271163
0.5400000000000001,0.00980667594986,-0.0143600806703,10.3682243647,6.22920214208,6.24728238826,0.0,0.072538034882,-0.104322708114,1.18692143601,-0.213933660967,-0.101890893619,0.0,424.3547701239032,424.02371358194324,426.0474205892224,425.46793850349627
0.6000000000000002,0.0149392052456,-0.0218045156897,10.4428113039,6.21733696179,6.24130835221,0.0,0.0991694347439,-0.145087032829,1.2990866335,-0.176877110165,-0.0952869576285,0.0,442.8758808482101,443.41007306183025,440.7548721341188,443.766550497419
0.6600000000000003,0.0217031965992,-0.0317935094742,10.5219981741,6.20673943234,6.23532429321,0.0,0.126839652441,-0.188864279991,1.34032919851,-0.17612767562,-0.110566305992,0.0,420.6175669810735,419.2829895102816,420.60372654915966,420.6366190005076
0.7200000000000003,0.0302404666411,-0.0446034380683,10.6035703326,6.19627212257,6.22844828893,0.0,0.158360642371,-0.23910424371,1.37857887019,-0.171308400594,-0.124210417082,0.0,419.9423638779789,418.7445407605199,419.74637736063573,420.13312060974624
0.7800000000000004,0.0413535390255,-0.061494944079,10.6972142589,6.18657837549,6.22132414953,0.0,0.213075436905,-0.325299046434,1.7421994875,-0.147011830337,-0.109579399222,0.0,516.9580722111515,517.9772745175192,515.9304301743986,517.6215482807321
0.8400000000000004,0.0551191842903,-0.0825381792586,10.7995536495,6.17782317671,6.21437883771,0.0,0.246300008257,-0.37682243303,1.66910974705,-0.14382357647,-0.132451611546,0.0,384.2391124776991,382.0499199634111,382.08128095698896,382.36137536804944
0.9000000000000005,0.0714727876339,-0.107539510082,10.9043059167,6.16938486048,6.20619548586,0.0,0.299689915035,-0.457461465969,1.82220936012,-0.134934074236,-0.145721910786,0.0,458.819003468949,457.74755864962793,457.7348419032346,458.4238725434815
0.9600000000000005,0.0913294251421,-0.137729041625,11.0196429254,6.16206427101,6.1975197577,0.0,0.363190312762,-0.549700123468,2.02180352648,-0.104103325457,-0.142435221483,0.0,473.5044765868749,473.73910705617277,471.4225587375996,473.7855550350553
1.0200000000000005,0.114971822916,-0.173298872041,11.1443183508,6.15574296547,6.18937705364,0.0,0.425735278502,-0.63658086247,2.13364400261,-0.10798178985,-0.124853831183,0.0,446.7529635388494,448.16701844456986,447.5710455361734,447.2456535049436
1.0800000000000005,0.142211143605,-0.213779599041,11.2723060593,6.14895248345,6.18161246701,0.0,0.482902733268,-0.713347902272,2.13243739161,-0.126365440795,-0.140568303489,0.0,412.5459134436968,411.1390358170935,411.36800225252193,409.7240985965901
1.1400000000000006,0.173600806231,-0.259748151183,11.405749961,6.14149111537,6.1736243355,0.0,0.564314443449,-0.819736418306,2.31505836328,-0.120616799004,-0.121359032118,0.0,469.62578997421343,471.097834885279,470.5056787167146,470.9373953092685
1.2000000000000006,0.210020919946,-0.312225741801,11.5497930711,6.13415762846,6.16647960278,0.0,0.650454015125,-0.930273110579,2.48573399592,-0.125648384748,-0.11487329428,0.0,468.15490603722714,468.6472815646081,468.3159654679545,467.9117315164044
1.2600000000000007,0.251702183612,-0.371416729501,11.7034612968,6.12702250387,6.15993651503,0.0,0.739604724572,-1.04349771826,2.63590456882,-0.108051342898,-0.099409618154,0.0,462.48864529234845,463.69487916013844,462.96760657451404,464.3377916497107
1.3200000000000007,0.298780468287,-0.437438611873,11.8653563103,6.12044391,6.15376489191,0.0,0.83026059183,-1.15786495318,2.76001241336,-0.11303068802,-0.110845438163,0.0,457.7532013499386,456.83330958187895,456.1959752324245,455.7879065939899
1.3800000000000008,0.351393873043,-0.51041791905,12.0343685665,6.11343382792,6.1473712836,0.0,0.92414323075,-1.27543595996,2.87312668544,-0.125791647018,-0.0991383784737,0.0,453.59740526719827,454.5268210474192,455.40983597354,454.37595786407246
1.4400000000000008,0.409255353023,-0.589965874827,12.2064338839,6.10572708461,6.14083488619,0.0,1.0050736453,-1.37681449708,2.86212354595,-0.134359565009,-0.150459319427,0.0,416.74027004194744,412.21633756240203,415.9732956798451,415.2058863139864
1.5000000000000009,0.472269944943,-0.675947096832,12.3789769329,6.097750177,6.13160097009,0.0,1.09621708228,-1.48992787333,2.88885770939,-0.130268700773,-0.161848313616,0.0,429.7293999301028,428.73943896551566,427.6647957725176,427.99608221217244
1.560000000000001,0.540436854089,-0.768275081659,12.5499620203,6.08994734353,6.12225071147,0.0,1.17674530159,-1.58829053836,2.81050394348,-0.129608378793,-0.145939347457,0.0,390.9174353571104,392.3703601669273,394.03770796570194,394.08088354101216
1.620000000000001,0.614808790947,-0.868081111402,12.7235764811,6.08232363461,6.11332008268,0.0,1.30320362054,-1.73931871756,2.97568246428,-0.12240596131,-0.155389128095,0.0,473.11305745896067,472.36546939895385,475.3327509146387,475.87079350727134
1.680000000000001,0.696203291077,-0.976229171224,12.9026826071,6.07472620107,6.10438093119,0.0,1.41072381991,-1.86625465012,2.99400965505,-0.136768863144,-0.138554899035,0.0,428.3448496791606,429.7521726003946,430.10786092448063,428.87423681332353
1.740000000000001,0.78526409993,-1.09334493404,13.0884938913,6.06621606337,6.095922286,0.0,1.55879739637,-2.03841205301,3.19846334868,-0.154606801578,-0.146318773112,0.0,489.3731702629385,488.7783467287653,490.05144640369696,488.70668673682326
1.8000000000000012,0.88275262329,-1.22025007289,13.28311841,6.05658529927,6.08665525981,0.0,1.69161073849,-2.19259912736,3.28809708838,-0.17618555033,-0.180315518431,0.0,457.45283934772465,454.7144537576829,457.81949067683803,456.07501878979804
1.8600000000000012,0.987530626585,-1.35562233911,13.478794159,6.04623962498,6.07574499669,0.0,1.80183258324,-2.32063354665,3.2339698258,-0.165818324644,-0.185065256744,0.0,410.52398161587973,410.06721639200947,409.6129304274301,410.5025562936
1.9200000000000013,1.09955898356,-1.49935758347,13.6732553217,6.03642791398,6.0641783446,0.0,1.93337791816,-2.47135093425,3.24728641645,-0.159308041789,-0.2162953168,0.0,435.6931970798461,433.03559028855653,434.9119986915703,435.43084071901825
1.9800000000000013,1.22043109082,-1.65311662672,13.8715864996,6.02690274162,6.05082338835,0.0,2.09690160858,-2.65474704945,3.3624207163,-0.15766643707,-0.239687425411,0.0,471.3614029669801,469.5031555888185,469.2583080204646,469.363283073251
2.0400000000000014,1.35134955361,-1.81801743588,14.0764777617,6.0181414889,6.03670977287,0.0,2.26833594068,-2.84265649813,3.4658937575,-0.129407570032,-0.227549841822,0.0,468.2093060163744,469.10057390881576,468.48989243207023,470.6628278419212
2.1000000000000014,1.49293794977,-1.99446008949,14.2877938722,6.01010538448,6.02329550003,0.0,2.45246812577,-3.03934047113,3.57650789924,-0.145006263429,-0.216622811154,0.0,473.97061968481927,474.7635293400367,474.9498684568181,473.73638723522606
2.1600000000000015,1.64523158821,-2.18224330241,14.5033797389,6.00141633352,6.01000403379,0.0,2.6250328186,-3.22073609725,3.60850237114,-0.144443114284,-0.233750852947,0.0,452.11705916630683,450.68653210672323,452.73815531882957,452.7642907411476
2.2200000000000015,1.80876581575,-2.38169833195,14.7229148541,5.99342605168,5.9961196999,0.0,2.82726575343,-3.42832049625,3.70769346391,-0.116948034132,-0.227093109015,0.0,476.31531627676975,476.7748988441688,475.829782882399,477.914705024815
2.2800000000000016,1.98476720904,-2.59380977599,14.9484077329,5.98661080076,5.98244200396,0.0,3.04053422397,-3.64245877666,3.80704326025,-0.107600356011,-0.229754153691,0.0,480.7108830472312,480.461802072567,479.61948997168594,480.3185198848202
2.3400000000000016,2.17392639106,-2.81897963532,15.179956009,5.97997703143,5.96850580948,0.0,3.26583707022,-3.86352888508,3.9094125106,-0.117259522359,-0.237834931312,0.0,484.44006496377193,483.7829994749542,486.0957393325648,485.3615253197579
2.4000000000000017,2.37497820762,-3.05580143416,15.411926244,5.97292843292,5.95488480965,0.0,3.43682664768,-4.03101328202,3.82210871703,-0.117914032785,-0.211287689934,0.0,423.59952400960555,425.8220516029798,424.54674332600473,424.4774807970125
2.4600000000000017,2.5874230726,-3.30362372729,15.6411411864,5.96560553657,5.94275932004,0.0,3.64546663416,-4.23016394406,3.81705030895,-0.131948878964,-0.188176650538,0.0,453.8272544202542,455.6392394433362,457.20847311177613,456.0755168439377
2.520000000000002,2.81163310702,-3.56269398677,15.8673777103,5.95792576331,5.932410998,0.0,3.82883366226,-4.40606279023,3.72332985354,-0.121082526535,-0.152002987682,0.0,425.87134793442806,428.92372219981826,426.90181778317094,427.812456811286
2.580000000000002,3.04628466596,-3.83183895272,16.0860853031,5.95075237429,5.92329304336,0.0,3.99340751541,-4.56602122779,3.56648881429,-0.116669567137,-0.151891953501,0.0,405.97621740168233,405.9620255112375,404.8416375767884,405.2242040404656
2.640000000000002,3.29189392878,-4.11154692093,16.2977380308,5.94390159357,5.91422838599,0.0,4.19401505122,-4.75807227437,3.48764864278,-0.109618570909,-0.149498697117,0.0,436.2868464860633,436.46471593777187,435.51976217337864,436.0973034924471
2.700000000000002,3.55085014553,-4.40392681624,16.5074329223,5.93770190598,5.90536769735,0.0,4.43818809767,-4.9882735694,3.50062026198,-0.0930453585201,-0.144269195142,0.0,470.308518884166,470.6943213182133,470.3184569707168,471.591791259522
2.760000000000002,3.82226688644,-4.70826611996,16.7122795167,5.93191923253,5.89648243653,0.0,4.60949045761,-5.1569045256,3.32717818692,-0.104045655829,-0.157082181602,0.0,406.93505563663314,405.7631544339068,406.5136361540862,405.5174868949395
2.820000000000002,4.1058722082,-5.02436605539,16.910796023,5.92610638752,5.88753328346,0.0,4.84434217996,-5.38012466743,3.28866636623,-0.0854440806512,-0.136753856065,0.0,457.7786791306099,459.37328265370843,456.41782527100025,457.8924071502472
2.880000000000002,4.4050799262,-5.35514487145,17.1099807857,5.92174257255,5.87974240779,0.0,5.12930023337,-5.64595771708,3.34885119633,-0.0550251154728,-0.118750020429,0.0,493.46727561123373,494.78096101820466,494.04830401942934,496.2826289410484
2.940000000000002,4.71915378952,-5.70004495386,17.3075134707,5.91835032325,5.87264848525,0.0,5.34001998262,-5.85106328968,3.23476816487,-0.0597467148589,-0.117216663834,0.0,437.4294510098921,437.5443574724898,438.81670976313217,438.422250861351
3.000000000000002,5.04624214921,-6.05759932212,17.4987539088,5.91492253741,5.86504266574,0.0,5.5630565195,-6.06774651238,3.13892786216,-0.0523534253449,-0.164286318274,0.0,448.1573584632568,444.2975786557116,447.2008283123228,447.80056692010027
3.0600000000000023,5.38610561287,-6.42769349776,17.6826793958,5.91174272737,5.85508435033,0.0,5.76611591913,-6.2691003266,2.99111560685,-0.054315223918,-0.169570963849,0.0,430.18864300494977,429.7134258097209,430.05656374223275,429.88837363730653
3.1200000000000023,5.73864449755,-6.81027271906,17.8584095026,5.90938463025,5.84488748456,0.0,5.98552913097,-6.48384374605,2.86553962623,-0.0194253219429,-0.170711111192,0.0,439.76078492941804,439.6382782344757,439.9858136001273,442.8646435906278
3.1800000000000024,6.10401876393,-7.20548281644,18.025615551,5.9078325473,5.83478236334,0.0,6.19398680497,-6.69015129009,2.70722296102,-0.0436354252044,-0.164193925494,0.0,429.73536987073044,430.2593878855293,432.09307588257144,430.0463848826902
3.2400000000000024,6.48197930307,-7.61315006487,18.1831758699,5.90506263747,5.82501268879,0.0,6.40500578608,-6.89917238573,2.54393633883,-0.0517749954423,-0.160230389622,0.0,431.1306641346504,431.4393738054308,430.52211833937065,429.8313124274907
3.3000000000000025,6.8737572678,-8.0342651644,18.3328221321,5.90168291371,5.81540859415,0.0,6.65439268087,-7.13830268858,2.44288144991,-0.067489828399,-0.15974633577,0.0,456.902523955635,456.91755265771775,457.09367791881397,455.8371044370866
3.3600000000000025,7.28186291722,-8.47078080814,18.4785706923,5.89745693365,5.80600828208,0.0,6.94903840444,-7.41240514338,2.413335528,-0.0770828300483,-0.151146674517,0.0,485.37632534028745,486.0004517167147,486.64897289419974,485.92683792382
3.4200000000000026,7.70543164298,-8.92219401698,18.618217965,5.89286140458,5.79668039937,0.0,7.17005540135,-7.63525121987,2.24048700267,-0.0756289805042,-0.165902429596,0.0,437.7274848967875,436.4738683710737,438.8807200057372,438.9966943468555
3.4800000000000026,8.14152378471,-9.38653852632,18.7459336876,5.8885911252,5.78639515187,0.0,7.36662389338,-7.84355726979,2.01590191216,-0.063488677705,-0.18570682916,0.0,421.1772845003046,419.4297874545484,419.66645987806953,420.7150095172381
3.5400000000000027,8.59283547982,-9.8658926658,18.8657096845,5.88465438845,5.77511763782,0.0,7.67698341823,-8.13504861187,1.97423413468,-0.0702367676481,-0.192883725447,0.0,492.34051815382657,491.77843660597097,492.50055850867005,491.99831606756555
3.6000000000000028,9.06078700676,-10.3614065139,18.9792736419,5.88063594817,5.76330155807,0.0,7.92153309125,-8.38254140304,1.80966502383,-0.0611409855837,-0.206585874877,0.0,451.9265153582294,450.782825870049,453.4782829636599,454.2053040580241
3.660000000000003,9.5425394147,-10.8712487394,19.0812037692,5.87647758468,5.75086989562,0.0,8.13715128447,-8.61280889927,1.5867982771,-0.0954097170695,-0.208437782663,0.0,434.04666024361575,433.84779538286693,434.66954221955694,431.7827598807781
3.720000000000003,10.03651177,-11.3945224137,19.1683144603,5.87056795823,5.73804167557,0.0,8.32891300819,-8.83044218896,1.31584342616,-0.105506013787,-0.227558960743,0.0,417.48122956588804,415.75975708259256,417.96459461055844,417.07431018834683
3.780000000000003,10.5414648175,-11.9306267538,19.2380575239,5.86385677574,5.72406779028,0.0,8.50326171295,-9.04059397108,1.00797205078,-0.129217928085,-0.246559504382,0.0,404.6581975609593,402.88274157716995,405.6771945980586,403.5286188114146
3.840000000000003,11.0593454565,-12.4810700509,19.2925789031,5.85631445304,5.70983813708,0.0,8.75947980136,-9.30810863461,0.807198545232,-0.119477590385,-0.223015124441,0.0,451.8381335069129,453.67731030766726,452.74371474261216,453.5128986182487
3.900000000000003,11.5913421209,-13.0468830846,19.3328504233,5.85011172114,5.69682042485,0.0,8.97387901575,-9.55315001609,0.533658413503,-0.0825601910656,-0.207009872502,0.0,427.5931146404398,428.90622874691013,427.0998987173024,430.2276461743814
3.960000000000003,12.1384310724,-13.6289569399,19.3594065498,5.84518322715,5.68435761779,0.0,9.26215120264,-9.84984623391,0.349216413723,-0.081317709463,-0.209156492656,0.0,469.2453995660746,469.0387153091661,470.22215650806027,470.3133679554254
4.020000000000002,12.7040795145,-14.2297622574,19.3761654633,5.84053825812,5.67132539157,0.0,9.59227158388,-10.1773619768,0.206500304947,-0.0705783897057,-0.242548918535,0.0,492.8255216499614,490.3071389239929,492.75726427955067,493.5466451191232
4.080000000000001,13.2854212276,-14.8478487411,19.3786232318,5.83669113942,5.65639432866,0.0,9.78603712273,-10.4265340598,-0.125905568148,-0.0536053886149,-0.266007733043,0.0,422.09246855961726,419.99526781746846,420.5696889479786,422.03450376539234
4.14,13.8805910993,-15.4823673114,19.3635205686,5.83318987115,5.64085390666,0.0,10.0528648419,-10.7247549343,-0.379823773742,-0.0701208914263,-0.247796423588,0.0,459.22545113437184,460.60291593479195,460.4578905439696,459.1466202604644
4.199999999999998,14.4913232562,-16.1346813292,19.3322118327,5.8285672663,5.62556636296,0.0,10.3047352843,-11.0198987833,-0.666008646715,-0.096816285599,-0.274838812062,0.0,454.15142131644774,451.9111189704338,453.50490485372995,451.34970392294093
4.259999999999997,15.120002406,-16.8065001485,19.2865737537,5.82374126925,5.60957474478,0.0,10.6505488449,-11.3744699927,-0.85887616818,-0.0593692313104,-0.253669949826,0.0,497.4169154128477,498.90154220823064,497.64123407239083,500.3707986672421
4.319999999999996,15.7655096954,-17.4975959193,19.2244388935,5.82008288079,5.59445879428,0.0,10.8663479766,-11.6632509618,-1.21413319428,-0.0643894693191,-0.248672899859,0.0,438.76001642597475,439.11031769048304,438.1099714575195,437.6894467798455
4.379999999999995,16.4226941778,-18.2055855556,19.1392445879,5.81583839361,5.57988988778,0.0,11.0399750813,-11.9379259698,-1.62710246275,-0.0881356076289,-0.233133419635,0.0,416.3758952602268,417.67037587555654,417.53605772988533,415.4536659932206
4.439999999999993,17.0923075717,-18.931423391,19.0310513632,5.81046866853,5.56718792547,0.0,11.2800709134,-12.2580021044,-1.9816392038,-0.0923618984092,-0.186787774202,0.0,447.4654749284343,451.17806953056316,450.42138632974223,450.07272419958207
4.499999999999992,17.7758512773,-19.6765508204,18.9007364742,5.80496076266,5.55663155577,0.0,11.5042884981,-12.5811859271,-2.36425327343,-0.0906954457798,-0.160172550694,0.0,442.1006432679387,444.2586481709791,444.0905513409271,444.2201985211453
4.559999999999991,18.4740070496,-20.4420551916,18.7482946492,5.79920061456,5.5469736279,0.0,11.7667590196,-12.9372211577,-2.71965355216,-0.109578132199,-0.162598154641,0.0,462.54338121240903,462.32869109874116,464.42289131316824,462.9311202941334
4.6199999999999894,19.1876780485,-21.229219859,18.5739423724,5.79326041424,5.53734750043,0.0,12.0214368115,-13.3033359529,-3.09473806712,-0.0835243748236,-0.156432367134,0.0,461.793339986893,462.2562764977107,461.12267519244193,463.16883327829504
4.679999999999988,19.9124831244,-22.0366943507,18.3727706549,5.7880366421,5.52826524435,0.0,12.1389663952,-13.615052951,-3.61216362387,-0.0952875160665,-0.142806739342,0.0,398.40243407779394,399.622465950028,398.4178427275428,397.3329201693976
4.739999999999987,20.6481523868,-22.8653061075,18.1438142931,5.78230054829,5.51931319953,0.0,12.3824802156,-14.0074833883,-4.02240910497,-0.0962366867852,-0.166743592958,0.0,458.9303190088456,457.0047309529633,458.9568145051363,458.87397541989856
4.799999999999986,21.3981066367,-23.7178298181,17.8895397155,5.77613961056,5.50910482475,0.0,12.6151884385,-14.4122620942,-4.45632414185,-0.120442852235,-0.177971409133,0.0,456.1282929857439,455.2031669959054,457.6691007465108,455.7281998870362
4.859999999999984,22.16025599,-24.5943193317,17.6071898379,5.76959114808,5.49804420093,0.0,12.7893689694,-14.8067333126,-4.95802291783,-0.0928833608201,-0.201791964973,0.0,431.781250150864,429.7309503616692,432.3386057841279,434.64438670843833
4.919999999999983,22.9334211253,-25.4953524709,17.2947467736,5.76434283157,5.48597730763,0.0,12.9822719828,-15.2305180813,-5.45975758186,-0.0784031078434,-0.199796193169,0.0,441.410753686646,441.53558587113326,441.6867202807172,442.87349632072403
4.979999999999982,23.7144552667,-26.4206666809,16.9485483977,5.76024391806,5.47376597598,0.0,13.0526716722,-15.6170350721,-6.08202734718,-0.053370436109,-0.212252856722,0.0,386.04764330687385,384.8217825719603,383.4585737187189,385.82618687527116
5.0399999999999805,24.502419799,-27.3711920236,16.5667756825,5.75677405936,5.46107310195,0.0,13.2125723214,-16.070753758,-6.64661729057,-0.0687079922995,-0.210176407146,0.0,426.1878478904309,426.31919338757257,427.4912464105779,426.1790079698014
